QH-E-1-1	QS03797_1	MSQ13_1	QrZAG20_1	QpZAG110_1	QS00314_1	QS01904_1	MSQ4_1	QS00562_1	QrZAG87_1	QpZAG15_1	QM692M_1	Overall	
N	20	18	20	20	20	20	20	20	20	20	20	19.82	
A	2	3	9	5	3	3	10	3	4	9	7	58	
%	16.67	11.54	47.37	19.23	20	50	35.71	27.27	13.33	39.13	28	28.02	
Ar	1.96	1.86	4.53	2.65	2.48	1.71	4.84	1.73	2.55	3.9	3.5	2.88	
Ho	0.5	0.33	0.85	0.5	0.55	0.15	0.75	0.1	0.6	0.55	0.9	0.53	
He	0.42	0.29	0.79	0.57	0.56	0.18	0.84	0.33	0.46	0.71	0.68	0.53	
HWE	0.3929	0.8685	0.6733	0.0186	0.2328	0.03	0.0056	0	0.7212	0.202	0.8917	0.0013	
Fis	-0.1905	-0.1676	-0.0709	0.1247	0.0244	0.1892	0.1124	0.7015	-0.2938	0.2294	-0.3139	0.0134	
Fis_Low	-0.5095	-0.3289	-0.2311	-0.2128	-0.3142	-0.0472	-0.0904	-0.0126	-0.4699	0.0131	-0.5342	-0.0938	
Fis_High	0.2289	-0.0461	0.1081	0.489	0.3949	0.535	0.336	1.04	-0.1566	0.4532	-0.1155	0.1049	
																										
QH-E-10-1	QS03797_1	MSQ13_1	QrZAG20_1	QpZAG110_1	QS00314_1	QS01904_1	MSQ4_1	QS00562_1	QrZAG87_1	QpZAG15_1	QM692M_1	Overall	
N	9	6	9	8	8	9	8	9	9	9	9	8.45	
A	4	4	9	4	4	3	8	3	4	8	4	55	
%	33.33	15.38	47.37	15.38	26.67	50	28.57	27.27	13.33	34.78	16	28.01	
Ar	3.32	2.11	5.11	2.65	3.41	1.73	4.13	1.96	2.92	4.33	2.65	3.12	
Ho	0.67	0.5	1	0.62	0.75	0.22	0.62	0	0.78	0.56	0.67	0.58	
He	0.73	0.42	0.85	0.58	0.73	0.2	0.84	0.49	0.56	0.81	0.5	0.61	
HWE	0.1145	0.9951	0.4002	0.5235	0.3841	0.9866	0.5242	4e-04	0.7253	0.2123	0.8953	0.2524	
Fis	0.0924	-0.2	-0.1825	-0.0811	-0.0213	-0.0909	0.2523	1	-0.3846	0.313	-0.3333	0.0483	
Fis_Low	-0.4108	-0.4742	-0.3399	-0.5108	-0.3664	-0.2389	-0.1811	1	-0.6184	-0.0624	-0.6159	-0.1345	
Fis_High	0.5975	-0.0277	-0.092	0.3067	0.4136	-0.0301	0.673	1	-0.183	0.7217	-0.1097	0.1683	
																										
QH-E-11-1	QS03797_1	MSQ13_1	QrZAG20_1	QpZAG110_1	QS00314_1	QS01904_1	MSQ4_1	QS00562_1	QrZAG87_1	QpZAG15_1	QM692M_1	Overall	
N	5	5	5	5	5	5	5	5	5	5	5	5	
A	3	2	4	5	2	2	5	2	3	5	4	37	
%	25	7.69	21.05	19.23	13.33	33.33	17.86	18.18	10	21.74	16	18.49	
Ar	2.6	1.97	3.09	3.94	1.98	1.6	3.96	2	2.2	3.26	3.08	2.7	
Ho	0.6	0.6	0.6	0.8	0.4	0.2	0.8	0.8	0.2	0.2	0.6	0.53	
He	0.62	0.42	0.58	0.76	0.48	0.18	0.78	0.48	0.46	0.78	0.58	0.56	
HWE	0.0786	0.3375	0.5802	0.7045	0.7083	0.8065	0.2058	0.1362	0.1646	0.1129	0.5802	0.1888	
Fis	0.0323	-0.4286	-0.0345	-0.0526	0.1667	-0.1111	-0.0256	-0.6667	0.5652	0.7436	-0.0345	0.0523	
Fis_Low	-0.8571	-0.9665	-0.4187	-0.499	-0.5401	-0.3591	-0.6101	-0.959	-0.2873	0.0973	-0.4419	-0.2495	
Fis_High	0.7981	-0.0776	0.5082	0.3996	1.1266	-0.0416	0.4244	-0.209	1.1412	1.0651	0.5168	0.2448	
																										
QH-E-2-3	QS03797_1	MSQ13_1	QrZAG20_1	QpZAG110_1	QS00314_1	QS01904_1	MSQ4_1	QS00562_1	QrZAG87_1	QpZAG15_1	QM692M_1	Overall	
N	25	25	25	25	25	25	25	25	25	25	25	25	
A	3	3	5	8	3	3	13	2	3	6	7	56	
%	25	11.54	26.32	30.77	20	50	46.43	18.18	10	26.09	28	26.58	
Ar	2.65	1.78	3.27	3.47	2.54	1.79	4.04	1.98	2.08	3.68	3.51	2.8	
Ho	0.44	0.24	0.6	0.72	0.56	0.24	0.56	0.32	0.52	0.56	0.6	0.49	
He	0.6	0.22	0.67	0.64	0.52	0.22	0.77	0.5	0.39	0.71	0.72	0.54	
HWE	0.1785	0.9276	0.392	0.9949	0.334	0.9276	7e-04	0.0727	0.378	0.0056	0.9007	0.0183	
Fis	0.2696	-0.1029	0.0986	-0.125	-0.0802	-0.1029	0.2708	0.359	-0.3185	0.2152	0.1648	0.0999	
Fis_Low	-0.0677	-0.1969	-0.14	-0.3266	-0.3508	-0.1972	0.0029	-0.0174	-0.5065	0.0265	-0.0612	0.01	
Fis_High	0.5827	-0.0259	0.3315	0.0969	0.2415	-0.0246	0.5283	0.7021	-0.1575	0.4094	0.4185	0.1882	
																										
QH-E-3-25	QS03797_1	MSQ13_1	QrZAG20_1	QpZAG110_1	QS00314_1	QS01904_1	MSQ4_1	QS00562_1	QrZAG87_1	QpZAG15_1	QM692M_1	Overall	
N	27	27	27	27	27	27	27	27	27	27	27	27	
A	4	2	8	7	3	3	11	2	4	8	5	57	
%	33.33	7.69	42.11	26.92	20	50	39.29	18.18	13.33	34.78	20	27.78	
Ar	2.91	1.49	3.62	3.01	2.11	1.44	4.4	1.74	2.09	3.05	2.95	2.62	
Ho	0.67	0.15	0.63	0.48	0.44	0.11	0.48	0.22	0.41	0.41	0.56	0.41	
He	0.59	0.14	0.65	0.66	0.52	0.11	0.85	0.3	0.36	0.58	0.65	0.49	
HWE	0.5323	0.6801	7e-04	0.0032	0.6708	0.993	1e-04	0.1703	0.4494	0.047	1e-04	0	
Fis	-0.1237	-0.08	0.0347	0.2688	0.1394	-0.0452	0.4334	0.2636	-0.1314	0.3012	0.1447	0.1576	
Fis_Low	-0.3777	-0.173	-0.1467	-0.0628	-0.2242	-0.1011	0.2202	-0.1537	-0.3233	0.0318	-0.1529	0.0394	
Fis_High	0.1567	-0.0179	0.2456	0.5786	0.5006	-0.0114	0.6524	0.6777	0.0871	0.5928	0.4254	0.2693	
																										
QH-E-4-2	QS03797_1	MSQ13_1	QrZAG20_1	QpZAG110_1	QS00314_1	QS01904_1	MSQ4_1	QS00562_1	QrZAG87_1	QpZAG15_1	QM692M_1	Overall	
N	19	19	17	19	16	19	16	19	19	19	18	18.18	
A	3	3	10	4	3	2	6	2	4	6	6	49	
%	25	11.54	52.63	15.38	20	33.33	21.43	18.18	13.33	26.09	24	23.72	
Ar	2.61	1.9	4.4	2.69	2.04	1.72	3.39	1.37	2.85	3.46	3.53	2.72	
Ho	0.47	0.32	0.76	0.63	0.44	0.26	0.5	0.05	0.63	0.37	0.78	0.47	
He	0.59	0.27	0.82	0.51	0.42	0.23	0.76	0.15	0.55	0.76	0.69	0.52	
HWE	0.2261	0.8802	0.0416	0.7199	0.9402	0.5071	0.3189	0.0054	0.4356	0	0.8817	0.0012	
Fis	0.2028	-0.1574	0.0714	-0.2493	-0.0419	-0.1515	0.3436	0.6381	-0.1544	0.5155	-0.1351	0.0918	
Fis_Low	-0.2249	-0.3004	-0.1458	-0.4747	-0.4342	-0.3082	0.0295	-0.0029	-0.4081	0.1996	-0.3132	-0.0522	
Fis_High	0.615	-0.0456	0.3248	-0.0328	0.458	-0.0534	0.6669	1.0828	0.1661	0.805	0.0422	0.2096	
																										
QH-E-5-14	QS03797_1	MSQ13_1	QrZAG20_1	QpZAG110_1	QS00314_1	QS01904_1	MSQ4_1	QS00562_1	QrZAG87_1	QpZAG15_1	QM692M_1	Overall	
N	32	31	32	32	32	32	32	32	32	32	32	31.91	
A	3	4	7	4	6	2	9	3	5	9	8	60	
%	25	15.38	36.84	15.38	40	33.33	32.14	27.27	16.67	39.13	32	28.47	
Ar	1.91	2.44	3.44	2.77	2.29	1.97	3.69	1.44	2.42	3.18	3.3	2.62	
Ho	0.28	0.55	0.78	0.62	0.47	0.62	0.75	0.03	0.69	0.28	0.62	0.52	
He	0.25	0.46	0.67	0.6	0.4	0.43	0.7	0.2	0.54	0.66	0.58	0.5	
HWE	0.8351	0.3968	0.9191	0.1906	0	0.0101	0.9771	0	0.6978	0	0.8017	0	
Fis	-0.1184	-0.1803	-0.1577	-0.0415	-0.1679	-0.4545	-0.0726	0.842	-0.2847	0.5762	-0.0847	-0.0384	
Fis_Low	-0.2031	-0.3564	-0.3362	-0.3136	-0.338	-0.6315	-0.2366	0.0155	-0.5396	0.3568	-0.2147	-0.1332	
Fis_High	-0.0471	-0.0048	0.0337	0.2349	0.02	-0.2966	0.102	1.0313	-0.0216	0.7868	0.059	0.0374	
																										
QH-E-6-1	QS03797_1	MSQ13_1	QrZAG20_1	QpZAG110_1	QS00314_1	QS01904_1	MSQ4_1	QS00562_1	QrZAG87_1	QpZAG15_1	QM692M_1	Overall	
N	14	14	14	14	14	14	14	14	14	14	14	14	
A	3	6	8	7	5	2	8	5	4	7	5	60	
%	25	23.08	42.11	26.92	33.33	33.33	28.57	45.45	13.33	30.43	20	29.23	
Ar	2.45	3.26	4.82	4.05	3.28	1.46	4.42	2.9	2.59	4.27	2.94	3.31	
Ho	0.5	0.5	0.93	0.93	0.5	0.14	0.79	0.36	0.5	0.57	0.57	0.57	
He	0.48	0.61	0.82	0.74	0.68	0.13	0.79	0.68	0.49	0.82	0.62	0.63	
HWE	0.6846	0.4536	0.4955	0.3629	0.2198	0.7773	0.0097	3e-04	0.2142	0.0718	0.7965	0.0026	
Fis	-0.037	0.1867	-0.1269	-0.2466	0.2604	-0.0769	0.0065	0.4717	-0.0262	0.3065	0.0857	0.0861	
Fis_Low	-0.3639	-0.0838	-0.2726	-0.4487	-0.0513	-0.2033	-0.235	0.044	-0.306	0.0017	-0.296	-0.0306	
Fis_High	0.4577	0.5104	0.032	-0.0537	0.5711	-0.023	0.2682	0.8284	0.2442	0.6406	0.473	0.1966	
																										
QH-E-7-1	QS03797_1	MSQ13_1	QrZAG20_1	QpZAG110_1	QS00314_1	QS01904_1	MSQ4_1	QS00562_1	QrZAG87_1	QpZAG15_1	QM692M_1	Overall	
N	27	22	27	27	27	27	27	27	27	27	27	26.55	
A	5	5	7	6	6	4	10	3	3	9	6	64	
%	41.67	19.23	36.84	23.08	40	66.67	35.71	27.27	10	39.13	24	33.05	
Ar	3.18	2.46	3.26	3.2	2.77	1.8	4.86	1.86	2.82	4.11	3.1	3.04	
Ho	0.44	0.68	0.59	0.74	0.44	0.22	0.93	0.3	0.63	0.48	0.67	0.56	
He	0.64	0.54	0.62	0.66	0.52	0.21	0.81	0.31	0.61	0.79	0.65	0.58	
HWE	0.0064	0.0013	0.2412	0	2e-04	0.9987	0	0.9562	5e-04	0	0.7797	0	
Fis	0.3106	-0.2524	0.0411	-0.1297	0.1406	-0.0836	-0.1431	0.0379	-0.0246	0.3912	-0.0232	0.0367	
Fis_Low	0.0687	-0.5703	-0.1998	-0.3634	-0.1072	-0.1552	-0.2677	-0.2326	-0.2136	0.1847	-0.2839	-0.0497	
Fis_High	0.5369	0.1046	0.3085	0.1114	0.4007	-0.0213	-0.0273	0.4363	0.157	0.5868	0.2557	0.1178	
																										
QH-E-8-1	QS03797_1	MSQ13_1	QrZAG20_1	QpZAG110_1	QS00314_1	QS01904_1	MSQ4_1	QS00562_1	QrZAG87_1	QpZAG15_1	QM692M_1	Overall	
N	18	18	18	17	18	18	18	18	18	18	18	17.91	
A	4	5	10	8	4	2	12	4	4	8	7	68	
%	33.33	19.23	52.63	30.77	26.67	33.33	42.86	36.36	13.33	34.78	28	31.94	
Ar	2.71	2.24	5.05	4.08	3.07	1.36	4.68	2.26	2.21	3.9	3.69	3.2	
Ho	0.72	0.39	1	0.76	0.89	0.11	0.44	0.22	0.33	0.61	0.83	0.57	
He	0.57	0.34	0.83	0.79	0.63	0.1	0.89	0.41	0.33	0.77	0.72	0.58	
HWE	0.8419	0.9998	0.0158	0.0335	0.1702	0.8065	0	0.0043	0.1974	0.0264	0.1574	0	
Fis	-0.2615	-0.156	-0.2	0.0264	-0.4049	-0.0588	0.5009	0.4586	0.0046	0.2016	-0.1538	0.0107	
Fis_Low	-0.5347	-0.2928	-0.2931	-0.2057	-0.648	-0.1514	0.2491	-0.0711	-0.1928	-0.0468	-0.3718	-0.0787	
Fis_High	0.0622	-0.0508	-0.1298	0.2761	-0.1468	-0.0187	0.7553	0.8729	0.2779	0.5005	0.0557	0.0815	
																										
QH-E-8-20	QS03797_1	MSQ13_1	QrZAG20_1	QpZAG110_1	QS00314_1	QS01904_1	MSQ4_1	QS00562_1	QrZAG87_1	QpZAG15_1	QM692M_1	Overall	
N	11	11	11	11	11	11	11	11	11	11	11	11	
A	3	3	5	3	2	2	5	3	3	6	3	38	
%	25	11.54	26.32	11.54	13.33	33.33	17.86	27.27	10	26.09	12	19.48	
Ar	2.63	2.32	2.75	2.3	2	1.82	3.76	1.88	2.09	3.77	2.07	2.49	
Ho	0.55	0.18	0.55	0.45	0.73	0.27	0.73	0.09	0.36	0.45	0.36	0.43	
He	0.58	0.51	0.45	0.54	0.5	0.35	0.76	0.37	0.31	0.79	0.31	0.5	
HWE	0.3618	0.0067	0.9988	0.6985	0.1213	0.4583	0.3063	0.0115	0.91	0.0618	0.91	0.0921	
Fis	0.0638	0.6452	-0.211	0.1603	-0.4667	0.2235	0.0435	0.7528	-0.1579	0.4211	-0.1579	0.1366	
Fis_Low	-0.387	0.3097	-0.3794	-0.3654	-0.9751	-0.2636	-0.3129	-0.0548	-0.3215	0.0178	-0.3531	-0.0193	
Fis_High	0.5438	1.0104	-0.0714	0.6924	0.1158	1.0614	0.4329	1.0452	-0.0299	0.7794	-0.0257	0.2765	
																										
QH-E-AUX2-1	QS03797_1	MSQ13_1	QrZAG20_1	QpZAG110_1	QS00314_1	QS01904_1	MSQ4_1	QS00562_1	QrZAG87_1	QpZAG15_1	QM692M_1	Overall	
N	4	4	4	4	4	4	4	4	4	4	4	4	
A	3	1	4	2	2	2	4	1	2	4	3	28	
%	25	3.85	21.05	7.69	13.33	33.33	14.29	9.09	6.67	17.39	12	14.88	
Ar	2.6	1	3.27	1.93	1.86	1.68	3.28	1	1.69	3.03	2.86	2.2	
Ho	0.5	0	0.75	0.5	0	0.25	0.75	0	0.25	0.5	1	0.41	
He	0.53	0	0.66	0.38	0.5	0.22	0.72	0	0.22	0.56	0.62	0.4	
HWE	0.3394	NA	0.1736	0.5071	0.0455	0.7773	0.2381	NA	0.7773	0.2266	0.2615	0.1162	
Fis	0.0588	NA	-0.1429	-0.3333	1	-0.1429	-0.0435	NA	-0.1429	0.1111	-0.6	-0.0213	
Fis_Low	-0.5361	NA	-0.858	-0.9306	1	-0.4991	-0.8589	NA	-0.511	-0.4475	-0.9105	-0.8283	
Fis_High	0.5327	NA	0.342	-0.0734	1	-0.042	0.5257	NA	-0.0539	0.5371	-0.5105	0.1504	
																										
QH-E-AUX5-1	QS03797_1	MSQ13_1	QrZAG20_1	QpZAG110_1	QS00314_1	QS01904_1	MSQ4_1	QS00562_1	QrZAG87_1	QpZAG15_1	QM692M_1	Overall	
N	11	11	11	11	11	11	11	11	11	11	11	11	
A	3	3	2	2	2	1	6	2	3	5	5	34	
%	25	11.54	10.53	7.69	13.33	16.67	21.43	18.18	10	21.74	20	16.01	
Ar	2.29	1.88	1.82	1.96	1.92	1	3.93	1.9	2.12	3.41	3.68	2.36	
Ho	0.64	0.09	0.36	0.36	0.45	0	0.45	0.27	0.18	0.36	1	0.38	
He	0.46	0.37	0.3	0.46	0.35	0	0.81	0.43	0.31	0.69	0.71	0.45	
HWE	0.4936	0.0115	0.4624	0.4751	0.3297	NA	1e-04	0.2176	1e-04	2e-04	0.1828	0	
Fis	-0.3874	0.7528	-0.2222	0.2143	-0.2941	NA	0.4416	0.3714	0.4211	0.4762	-0.4152	0.1467	
Fis_Low	-0.6843	-0.0493	-0.5564	-0.4213	-0.5578	NA	0.0814	-0.2521	0.2598	0.1302	-0.6045	-0.0157	
Fis_High	-0.1368	1.0507	-0.0325	0.8573	-0.0864	NA	0.7832	1.042	0.4818	0.8362	-0.2805	0.2502	
																										
QH-E-AUX8-3	QS03797_1	MSQ13_1	QrZAG20_1	QpZAG110_1	QS00314_1	QS01904_1	MSQ4_1	QS00562_1	QrZAG87_1	QpZAG15_1	QM692M_1	Overall	
N	11	11	11	11	11	11	10	11	11	11	11	10.91	
A	4	5	7	5	4	1	5	2	4	5	4	46	
%	33.33	19.23	36.84	19.23	26.67	16.67	17.86	18.18	13.33	21.74	16	21.73	
Ar	3.03	2.73	3.59	3.42	3.28	1	3.38	1.55	2.46	3.25	3.36	2.82	
Ho	0.55	0.55	0.55	0.73	0.73	0	0.8	0	0.45	0.55	0.73	0.51	
He	0.64	0.45	0.66	0.74	0.63	0	0.68	0.3	0.38	0.68	0.69	0.53	
HWE	0.3485	0.9988	0.0252	0.0083	0.3181	NA	0.1117	9e-04	0.9874	0.3113	0.4187	0.0096	
Fis	0.1538	-0.211	0.175	0.0168	-0.1503	NA	-0.1852	1	-0.1828	0.1951	-0.0539	0.0401	
Fis_Low	-0.2108	-0.3811	-0.216	-0.4708	-0.3912	NA	-0.5209	1	-0.3572	-0.2186	-0.3482	-0.0968	
Fis_High	0.5646	-0.0668	0.5295	0.4366	0.1133	NA	0.114	1	-0.043	0.6169	0.3247	0.1735	
																										
QH-E-BAZ46-1	QS03797_1	MSQ13_1	QrZAG20_1	QpZAG110_1	QS00314_1	QS01904_1	MSQ4_1	QS00562_1	QrZAG87_1	QpZAG15_1	QM692M_1	Overall	
N	7	6	7	7	7	8	6	6	9	9	9	7.36	
A	2	3	6	3	3	1	5	2	3	3	5	36	
%	16.67	11.54	31.58	11.54	20	16.67	17.86	18.18	10	13.04	20	17.01	
Ar	1.95	2.05	3.83	2.3	2.26	1	3.15	1.34	2.28	2.27	3.57	2.36	
Ho	0.71	0.33	1	0.29	0.57	0	0.83	0	0.44	0.22	0.78	0.47	
He	0.46	0.57	0.79	0.64	0.54	0	0.75	0.28	0.49	0.57	0.7	0.53	
HWE	0.1416	0.4057	0.111	0.1755	0.8566	NA	0.5483	0.0143	0.0186	0.0119	0.4103	0.0096	
Fis	-0.5556	0.4146	-0.2727	0.5556	-0.0566	NA	-0.1111	1	0.1	0.6087	-0.115	0.1041	
Fis_Low	-0.9829	-0.3407	-0.5601	-0.1668	-0.6201	NA	-0.5417	1	-0.4372	-0.1014	-0.3943	-0.1066	
Fis_High	-0.1829	1.0879	-0.1544	1.0642	0.6398	NA	0.2471	1	0.8054	1.0675	0.169	0.2283	
																										
QH-E-IMP-1	QS03797_1	MSQ13_1	QrZAG20_1	QpZAG110_1	QS00314_1	QS01904_1	MSQ4_1	QS00562_1	QrZAG87_1	QpZAG15_1	QM692M_1	Overall	
N	17	17	15	17	17	16	17	16	17	16	17	16.55	
A	4	3	10	4	4	3	8	3	3	3	6	51	
%	33.33	11.54	52.63	15.38	26.67	50	28.57	27.27	10	13.04	24	26.58	
Ar	2.4	1.88	4.03	2.41	2.77	1.44	3.8	1.94	2.21	2.35	3.5	2.61	
Ho	0.47	0.24	0.73	0.53	0.59	0.12	0.29	0.25	0.35	0.12	0.76	0.41	
He	0.56	0.3	0.78	0.58	0.65	0.12	0.84	0.39	0.35	0.59	0.66	0.53	
HWE	0.8188	0.6571	0.4204	0.0062	0.0178	0.9952	0	0.3367	0.6526	5e-04	0.7053	1e-04	
Fis	0.1526	0.2139	0.0571	0.0811	0.0885	-0.0492	0.6502	0.3568	-0.0149	0.7895	-0.151	0.2307	
Fis_Low	-0.2542	-0.1811	-0.2056	-0.3922	-0.383	-0.1255	0.3732	-0.1388	-0.2306	0.4964	-0.379	0.111	
Fis_High	0.5401	0.7987	0.3005	0.5188	0.5162	-0.0129	0.8832	0.8537	0.2579	1.0083	0.0559	0.3366	
																										
QH-W-10-1	QS03797_1	MSQ13_1	QrZAG20_1	QpZAG110_1	QS00314_1	QS01904_1	MSQ4_1	QS00562_1	QrZAG87_1	QpZAG15_1	QM692M_1	Overall	
N	29	29	29	29	29	29	29	29	27	29	29	28.82	
A	3	8	11	7	5	4	12	6	11	13	10	90	
%	25	30.77	57.89	26.92	33.33	66.67	42.86	54.55	36.67	56.52	40	42.83	
Ar	2.68	3.75	4.99	3.96	2.48	1.34	5.06	2.61	5	5.42	3.71	3.73	
Ho	0.38	0.69	0.9	0.69	0.41	0.1	0.76	0.1	0.96	0.79	0.72	0.59	
He	0.65	0.72	0.85	0.77	0.45	0.1	0.87	0.6	0.86	0.89	0.63	0.67	
HWE	0.0015	0.8699	0.7098	0	6e-04	1	0.001	0	0.0489	0.0127	0.5407	0	
Fis	0.4184	0.0373	-0.056	0.107	0.0806	-0.0357	0.129	0.8289	-0.1187	0.1124	-0.1491	0.1196	
Fis_Low	0.1176	-0.1876	-0.1815	-0.1033	-0.2036	-0.0871	-0.0456	0.647	-0.2034	-0.04	-0.2828	0.0673	
Fis_High	0.7031	0.2706	0.082	0.3052	0.4209	-0.0103	0.3178	1.0002	-0.011	0.278	-0.0044	0.1659	
																										
QH-W-2-1	QS03797_1	MSQ13_1	QrZAG20_1	QpZAG110_1	QS00314_1	QS01904_1	MSQ4_1	QS00562_1	QrZAG87_1	QpZAG15_1	QM692M_1	Overall	
N	11	11	11	11	11	11	11	11	11	11	11	11	
A	3	6	6	4	5	1	5	2	9	7	5	53	
%	25	23.08	31.58	15.38	33.33	16.67	17.86	18.18	30	30.43	20	23.77	
Ar	2.62	4.23	3.76	2.95	2.77	1	2.78	2	5.32	4.24	3.37	3.19	
Ho	0.27	0.73	0.55	0.73	0.45	0	0	0.64	0.91	0.82	0.36	0.5	
He	0.66	0.79	0.74	0.55	0.51	0	0.74	0.5	0.87	0.8	0.75	0.63	
HWE	0.0315	0.0508	0.0019	0.732	0.2706	NA	0	0.3652	0.007	0.0023	0.0347	0	
Fis	0.5849	0.0833	0.2584	-0.3333	0.1057	NA	1	-0.2727	-0.0476	-0.0206	0.5165	0.2101	
Fis_Low	0.0703	-0.2187	-0.0665	-0.5259	-0.3095	NA	1	-0.7994	-0.2154	-0.4112	0.0584	0.0505	
Fis_High	1.0412	0.4013	0.597	-0.1603	0.6426	NA	1	0.3006	0.1536	0.2555	0.9076	0.3061	
																										
QH-W-3-20	QS03797_1	MSQ13_1	QrZAG20_1	QpZAG110_1	QS00314_1	QS01904_1	MSQ4_1	QS00562_1	QrZAG87_1	QpZAG15_1	QM692M_1	Overall	
N	28	33	33	33	32	33	33	33	33	33	33	32.45	
A	5	12	8	9	6	3	13	4	10	12	6	88	
%	41.67	46.15	42.11	34.62	40	50	46.43	36.36	33.33	52.17	24	40.62	
Ar	2.13	5.14	4.02	3.19	2.62	1.33	4.88	1.44	4.5	4.82	2.74	3.35	
Ho	0.25	0.91	0.7	0.42	0.47	0.09	0.52	0.03	0.79	0.67	0.52	0.49	
He	0.39	0.86	0.74	0.59	0.49	0.09	0.9	0.17	0.78	0.85	0.45	0.57	
HWE	0.1034	0.3008	0.2481	0.0013	0.5876	0.9952	0	0	0.3696	0.48	0.999	0	
Fis	0.3595	-0.0622	0.0641	0.2804	0.0457	-0.0366	0.4273	0.8221	-0.0041	0.2181	-0.1461	0.1521	
Fis_Low	0.0329	-0.177	-0.0996	0.0299	-0.2139	-0.0861	0.2512	0.4833	-0.1641	0.0596	-0.2571	0.0878	
Fis_High	0.6665	0.07	0.2405	0.5268	0.3556	-0.0093	0.6162	1.0072	0.1643	0.4026	-0.0094	0.2165	
																										
QH-W-4-1	QS03797_1	MSQ13_1	QrZAG20_1	QpZAG110_1	QS00314_1	QS01904_1	MSQ4_1	QS00562_1	QrZAG87_1	QpZAG15_1	QM692M_1	Overall	
N	10	10	10	10	10	10	10	9	2	10	10	9.18	
A	2	3	3	2	3	2	3	2	2	3	3	28	
%	16.67	11.54	15.79	7.69	20	33.33	10.71	18.18	6.67	13.04	12	15.06	
Ar	1.61	2.61	2.61	1.61	2.6	2	2.61	1.6	1.22	2.61	2.61	2.15	
Ho	0.2	1	1	0.2	0.8	0.8	1	0	1	1	1	0.73	
He	0.18	0.58	0.58	0.18	0.64	0.48	0.58	0.35	0.5	0.58	0.58	0.48	
HWE	0.729	0.0186	0.0186	0.729	2e-04	0.0351	0.0186	0.0027	0.1573	0.0186	0.0186	0	
Fis	-0.1111	-0.7241	-0.7241	-0.1111	-0.25	-0.6667	-0.7241	1	-1	-0.7241	-0.7241	-0.5309	
Fis_Low	-0.313	-0.9722	-0.9722	-0.313	-0.9365	-0.9864	-0.9722	1	-1	-0.9722	-0.9722	-0.7033	
Fis_High	-0.0323	-0.5722	-0.5722	-0.0323	0.2635	-0.3197	-0.5722	1	-1	-0.5722	-0.5722	-0.3665	
																										
QH-W-5-1	QS03797_1	MSQ13_1	QrZAG20_1	QpZAG110_1	QS00314_1	QS01904_1	MSQ4_1	QS00562_1	QrZAG87_1	QpZAG15_1	QM692M_1	Overall	
N	30	30	30	30	30	30	30	29	30	29	30	29.82	
A	4	13	12	10	7	3	15	3	11	16	9	103	
%	33.33	50	63.16	38.46	46.67	50	53.57	27.27	36.67	69.57	36	45.88	
Ar	3.26	4.52	5.1	3.37	3.35	1.55	5.26	1.45	4.11	5.61	4.72	3.85	
Ho	0.63	0.73	0.83	0.63	0.7	0.17	0.73	0.03	0.73	0.86	0.9	0.63	
He	0.7	0.76	0.86	0.6	0.68	0.16	0.87	0.22	0.7	0.9	0.82	0.66	
HWE	0.0028	0.7443	0.4796	0.9196	0	0.9691	0	0	0.9592	0.0175	0.1769	0	
Fis	0.0974	0.0414	0.0272	-0.0634	-0.0286	-0.0753	0.1603	0.8428	-0.046	0.0461	-0.0961	0.0426	
Fis_Low	-0.1355	-0.099	-0.1039	-0.285	-0.2653	-0.1527	-0.0121	0.2823	-0.1995	-0.0956	-0.2191	-0.0255	
Fis_High	0.3335	0.2005	0.2004	0.2025	0.212	-0.022	0.3319	1.0259	0.1364	0.1933	0.0407	0.1131	
																										
QH-W-6-1	QS03797_1	MSQ13_1	QrZAG20_1	QpZAG110_1	QS00314_1	QS01904_1	MSQ4_1	QS00562_1	QrZAG87_1	QpZAG15_1	QM692M_1	Overall	
N	33	33	33	33	33	33	33	33	33	33	33	33	
A	4	12	14	8	5	3	18	4	14	14	10	106	
%	33.33	46.15	73.68	30.77	33.33	50	64.29	36.36	46.67	60.87	40	46.86	
Ar	2.97	4.28	5.12	3.1	2.56	1.56	5.26	2.34	4.64	4.86	3.37	3.64	
Ho	0.36	0.79	0.82	0.55	0.52	0.15	0.67	0.12	0.7	0.73	0.58	0.54	
He	0.71	0.73	0.85	0.57	0.52	0.14	0.89	0.51	0.79	0.84	0.58	0.65	
HWE	0	0.9763	0.7893	0.9986	0.777	0.9743	0.012	0	0.1228	3e-04	0	0	
Fis	0.4894	-0.0745	0.0425	0.0442	0.0036	-0.0611	0.2477	0.7609	0.1144	0.1306	0.0095	0.1625	
Fis_Low	0.2352	-0.1829	-0.0982	-0.1739	-0.2761	-0.1148	0.0885	0.56	-0.0376	-0.0513	-0.1476	0.0838	
Fis_High	0.7109	0.0464	0.1921	0.2755	0.2981	-0.0194	0.4287	0.9404	0.2693	0.3085	0.1596	0.2403	
																										
QH-W-7-1	QS03797_1	MSQ13_1	QrZAG20_1	QpZAG110_1	QS00314_1	QS01904_1	MSQ4_1	QS00562_1	QrZAG87_1	QpZAG15_1	QM692M_1	Overall	
N	32	32	32	32	32	32	32	32	32	32	32	32	
A	4	9	14	10	9	1	14	5	11	7	9	93	
%	33.33	34.62	73.68	38.46	60	16.67	50	45.45	36.67	30.43	36	41.39	
Ar	3.12	3.97	5.36	3.79	3.94	1	4.5	2.21	4.71	4.03	3.56	3.65	
Ho	0.44	0.62	0.91	0.78	0.75	0	0.53	0.09	0.75	0.72	0.66	0.57	
He	0.66	0.71	0.87	0.7	0.75	0	0.83	0.47	0.83	0.75	0.6	0.65	
HWE	0.0121	0.649	0.3672	0.2292	0.2839	NA	0	0	0.8163	0.5922	0.0832	0	
Fis	0.3402	0.1239	-0.045	-0.1134	0	NA	0.3634	0.7985	0.0959	0.041	-0.0927	0.1289	
Fis_Low	0.1099	-0.0646	-0.1594	-0.2884	-0.2159	NA	0.1572	0.5805	-0.0641	-0.1465	-0.2349	0.0535	
Fis_High	0.5657	0.322	0.0814	0.062	0.2163	NA	0.5634	1.0012	0.2777	0.2347	0.0453	0.1992	
																										
QH-W-8-17	QS03797_1	MSQ13_1	QrZAG20_1	QpZAG110_1	QS00314_1	QS01904_1	MSQ4_1	QS00562_1	QrZAG87_1	QpZAG15_1	QM692M_1	Overall	
N	39	39	39	39	39	39	39	37	38	39	39	38.73	
A	4	9	10	8	6	4	17	6	12	15	10	101	
%	33.33	34.62	52.63	30.77	40	66.67	60.71	54.55	40	65.22	40	47.14	
Ar	2.88	4.86	4.68	3.06	2.81	2.01	5.38	2.62	4.21	4.92	3.85	3.75	
Ho	0.51	0.9	0.85	0.51	0.69	0.26	0.74	0.16	0.71	0.74	0.74	0.62	
He	0.66	0.83	0.83	0.58	0.63	0.31	0.9	0.62	0.78	0.86	0.69	0.7	
HWE	0.004	0	0.6219	4e-04	0	0.4288	0.2433	0	0.7631	0.0701	0.8293	0	
Fis	0.2196	-0.0778	-0.0235	0.1206	-0.1032	0.1746	0.1748	0.7402	0.0856	0.1366	-0.0736	0.1134	
Fis_Low	-0.0252	-0.1774	-0.1415	-0.0877	-0.3482	-0.1192	0.0335	0.537	-0.1038	-0.0295	-0.2244	0.0566	
Fis_High	0.4649	0.043	0.1191	0.3317	0.1641	0.5182	0.3318	0.9165	0.2841	0.3049	0.0762	0.175	
																										
QH-W-9-1	QS03797_1	MSQ13_1	QrZAG20_1	QpZAG110_1	QS00314_1	QS01904_1	MSQ4_1	QS00562_1	QrZAG87_1	QpZAG15_1	QM692M_1	Overall	
N	30	30	30	30	30	30	30	29	30	30	30	29.91	
A	3	13	13	10	7	3	13	5	13	15	11	106	
%	25	50	68.42	38.46	46.67	50	46.43	45.45	43.33	65.22	44	47.54	
Ar	2.74	4.6	5.45	3.26	3.07	1.27	4.96	2.38	5.4	4.8	4.13	3.82	
Ho	0.43	0.77	0.87	0.5	0.5	0.03	0.67	0.07	0.87	0.77	0.67	0.56	
He	0.65	0.77	0.88	0.63	0.6	0.1	0.88	0.57	0.88	0.84	0.74	0.68	
HWE	0.001	6e-04	0.0057	0.0481	0.1084	0	0	0	0.3774	0.5325	0.0474	0	
Fis	0.3328	0.0029	0.0152	0.207	0.1659	0.6532	0.2386	0.8783	0.0183	0.0824	0.0984	0.1846	
Fis_Low	0.0762	-0.1449	-0.1195	-0.084	-0.1267	0.052	0.0544	0.7107	-0.1245	-0.0868	-0.0866	0.1267	
Fis_High	0.5762	0.1575	0.1662	0.4782	0.4758	1.1046	0.4319	1.0033	0.1724	0.2573	0.2937	0.2357	
																										
